16 0.811594 0.00233575 0.584217 0.576966 -0.000128627 0.999993 -0.00381936 0.12653 -0.584222 0.00302462 0.811588 -0.341099 0 0 0 1
14 0.79396 0.00206879 0.607967 0.523258 0.000362615 0.999992 -0.00387632 0.136354 -0.60797 0.0032981 0.793953 -0.28544 0 0 0 1
8 0.916927 0.00099024 0.399053 0.266238 -0.00029577 0.999998 -0.00180186 0.0742108 -0.399054 0.00153415 0.916926 -0.045619 0 0 0 1
2 0.989029 -0.000786339 0.14772 0.051101 0.000957559 0.999999 -0.00108798 -0.00288055 -0.147719 0.00121749 0.989029 0.0381547 0 0 0 1
0 1 0 0 0 0 1 0 0 0 0 1 0 0 0 0 1
1 0.993764 -0.000789647 0.111499 0.0184998 0.000915543 0.999999 -0.00107793 -0.00909869 -0.111498 0.00117329 0.993764 0.0287297 0 0 0 1
7 0.93101 0.000793972 0.364992 0.236363 -0.000131226 0.999998 -0.00184058 0.0638614 -0.364993 0.0016657 0.931009 -0.0239727 0 0 0 1
11 0.826548 0.000446937 0.562866 0.414706 0.000320615 0.999999 -0.00126485 0.110815 -0.562866 0.00122592 0.826547 -0.190093 0 0 0 1
3 0.982795 -0.000149927 0.184702 0.0908425 0.000501897 0.999998 -0.00185885 0.0097209 -0.184702 0.00191957 0.982793 0.039484 0 0 0 1
167 -0.58446 -0.00362973 -0.811414 -0.017011 0.00116652 0.999985 -0.00531351 0.126348 0.811422 -0.00405207 -0.584447 -2.97805 0 0 0 1
5 0.966165 0.000680542 0.257924 0.17274 -0.000213489 0.999998 -0.00183881 0.0390201 -0.257925 0.00172153 0.966163 0.0190489 0 0 0 1
13 0.782245 0.000963703 0.622971 0.473322 0.00139338 0.999994 -0.00329656 0.128897 -0.62297 0.00344674 0.782238 -0.262109 0 0 0 1
10 0.866044 0.00103566 0.499967 0.353605 -8.45731e-05 0.999998 -0.00192496 0.100243 -0.499968 0.00162481 0.866042 -0.125841 0 0 0 1
6 0.955905 0.000657791 0.293676 0.198194 -0.00025194 0.999999 -0.00141979 0.0480791 -0.293677 0.0012832 0.955904 0.00554862 0 0 0 1
4 0.975077 0.000423212 0.221864 0.131422 -7.10839e-06 0.999998 -0.00187628 0.0237689 -0.221865 0.00182794 0.975076 0.0324542 0 0 0 1
12 0.804998 0.00054926 0.593277 0.444945 0.00111351 0.999996 -0.00243669 0.119719 -0.593276 0.00262215 0.804995 -0.22369 0 0 0 1
9 0.883954 0.00186191 0.467571 0.323334 -0.000663521 0.999996 -0.00272768 0.093852 -0.467574 0.0021009 0.883951 -0.0966325 0 0 0 1
23 0.88074 0.00122496 0.473598 0.6838 -5.45718e-05 0.999997 -0.00248501 0.169045 -0.4736 0.00216281 0.880738 -0.479867 0 0 0 1
22 0.870803 0.00223873 0.491628 0.66706 -0.000389072 0.999992 -0.00386453 0.165606 -0.491633 0.00317396 0.870797 -0.472944 0 0 0 1
18 0.828816 0.0031345 0.559512 0.605663 -0.000904829 0.999991 -0.0042618 0.12443 -0.55952 0.00302599 0.828811 -0.429098 0 0 0 1
19 0.839883 0.00208533 0.542764 0.626209 -0.000550072 0.999995 -0.00299085 0.147466 -0.542767 0.0022134 0.83988 -0.465157 0 0 0 1
24 0.869564 0.00114338 0.493819 0.680975 1.54119e-05 0.999997 -0.00234251 0.173266 -0.49382 0.00204457 0.869562 -0.526077 0 0 0 1
27 0.75757 0.00191618 0.652752 0.585331 -0.000405992 0.999997 -0.00246434 0.176806 -0.652754 0.0016019 0.757568 -0.804761 0 0 0 1
25 0.8358 0.00268256 0.549027 0.652338 -0.000670267 0.999992 -0.00386562 0.176972 -0.549033 0.00286289 0.835796 -0.592775 0 0 0 1
26 0.798201 0.0020325 0.602388 0.624585 -0.000185725 0.999995 -0.00312797 0.179306 -0.602391 0.00238487 0.798197 -0.705865 0 0 0 1
32 0.482198 0.00164445 0.87606 0.201263 -0.00144747 0.999998 -0.00108038 0.151422 -0.876061 -0.000747117 0.4822 -1.24751 0 0 0 1
30 0.591539 0.00214254 0.806274 0.372569 -0.000830844 0.999998 -0.00204777 0.163937 -0.806276 0.000541448 0.591539 -1.09226 0 0 0 1
28 0.690188 0.00229201 0.723626 0.50439 -0.000373417 0.999996 -0.00281122 0.176036 -0.72363 0.00167005 0.690186 -0.890081 0 0 0 1
41 -0.126932 -0.00120122 0.991911 -0.857417 -0.000489624 0.999999 0.00114836 0.116179 -0.991911 -0.0003399 -0.126932 -1.34663 0 0 0 1
33 0.421716 0.00142153 0.906727 0.102635 -0.00149749 0.999999 -0.000871282 0.147112 -0.906727 -0.000990377 0.421718 -1.30276 0 0 0 1
29 0.642553 0.00225542 0.766238 0.444493 -0.000442165 0.999997 -0.00257269 0.171566 -0.766241 0.00131429 0.642552 -0.99179 0 0 0 1
31 0.537899 0.0019831 0.843007 0.291014 -0.0011434 0.999998 -0.00162284 0.157597 -0.843009 -9.09712e-05 0.5379 -1.17703 0 0 0 1
38 0.0835143 0.00183281 0.996505 -0.422207 -0.00174035 0.999997 -0.00169338 0.135375 -0.996505 -0.00159285 0.0835172 -1.34157 0 0 0 1
39 0.0132616 0.000602186 0.999912 -0.550861 -0.000892318 0.999999 -0.000590404 0.131806 -0.999912 -0.00088441 0.0132621 -1.34335 0 0 0 1
44 -0.27826 -0.00115115 0.960505 -1.18298 -0.000808104 0.999999 0.000964379 0.0987704 -0.960505 -0.00050784 -0.278261 -1.26738 0 0 0 1
35 0.290989 0.00126602 0.956726 -0.110882 -0.00123365 0.999999 -0.000948061 0.140859 -0.956726 -0.000904392 0.29099 -1.36733 0 0 0 1
50 -0.466287 -0.0010063 0.884633 -1.64731 -0.000402319 0.999999 0.000925476 0.0496564 -0.884633 7.56328e-05 -0.466288 -0.984557 0 0 0 1
45 -0.310683 -0.000939867 0.950513 -1.28113 -0.000368874 1 0.000868229 0.0936547 -0.950513 -8.08757e-05 -0.310683 -1.25227 0 0 0 1
42 -0.195348 -0.00156977 0.980733 -1.00624 -0.000902647 0.999999 0.00142081 0.106321 -0.980734 -0.000607703 -0.195349 -1.32413 0 0 0 1
40 -0.0567775 0.000121735 0.998387 -0.698242 -0.000899592 1 -0.00017309 0.123648 -0.998386 -0.000907968 -0.0567774 -1.3502 0 0 0 1
49 -0.435831 -0.00147805 0.900027 -1.60249 -0.000891282 0.999999 0.00121063 0.0694875 -0.900028 -0.000274547 -0.435832 -1.08627 0 0 0 1
54 -0.509147 -0.000899795 0.860679 -1.50432 -0.000225831 1 0.000911854 0.0244191 -0.86068 0.000269899 -0.509147 -0.920699 0 0 0 1
57 -0.522319 -0.00109272 0.852749 -1.42213 -0.000224025 0.999999 0.00114418 0.0176084 -0.85275 0.000406592 -0.522319 -0.915848 0 0 0 1
52 -0.50033 -0.00103442 0.865834 -1.58117 0.000484627 0.999999 0.00147475 0.0335034 -0.865835 0.00115747 -0.500329 -0.911353 0 0 0 1
51 -0.496467 -0.0006272 0.868056 -1.62855 0.000412336 0.999999 0.000958361 0.0389227 -0.868056 0.000833724 -0.496466 -0.911928 0 0 0 1
56 -0.51784 -0.000461208 0.855477 -1.44437 -1.85031e-05 1 0.000527923 0.0201283 -0.855478 0.000257551 -0.51784 -0.921086 0 0 0 1
55 -0.513599 -0.000978197 0.85803 -1.47225 -0.000372098 1 0.000917319 0.0212276 -0.85803 0.000151863 -0.513599 -0.921828 0 0 0 1
61 -0.572423 -0.00248579 0.819955 -1.40066 -0.00135576 0.999997 0.00208514 0.00800051 -0.819958 8.19209e-05 -0.572424 -0.827708 0 0 0 1
58 -0.526626 -0.000700667 0.850097 -1.40308 -6.88836e-06 1 0.000819953 0.0155465 -0.850097 0.000425953 -0.526626 -0.909174 0 0 0 1
65 -0.862255 -0.00212669 0.506469 -1.44284 -0.00123108 0.999997 0.00210314 0.00889606 -0.506472 0.00118994 -0.862255 -0.204989 0 0 0 1
64 -0.762302 -0.00232417 0.647218 -1.45001 -0.000871692 0.999996 0.00256431 0.00188156 -0.647222 0.00139061 -0.762301 -0.445586 0 0 0 1
59 -0.530296 -0.00117865 0.847812 -1.39161 -0.000232814 0.999999 0.0012446 0.0134902 -0.847812 0.000462627 -0.530296 -0.903311 0 0 0 1
62 -0.640694 -0.00283829 0.767791 -1.44072 -0.00159181 0.999996 0.00236838 0.00452781 -0.767794 0.000295231 -0.640696 -0.701705 0 0 0 1
71 -0.997335 7.57558e-05 0.0729632 -1.0923 0.000183524 0.999999 0.00147031 0.0924233 -0.072963 0.00147979 -0.997334 0.169432 0 0 0 1
67 -0.936396 -0.00103395 0.350943 -1.34641 -0.000483146 0.999999 0.00165705 0.0543375 -0.350944 0.0013821 -0.936395 -0.0415264 0 0 0 1
63 -0.703955 -0.00282986 0.710239 -1.46662 -0.00142434 0.999996 0.00257262 0.00244027 -0.710243 0.000799383 -0.703956 -0.572946 0 0 0 1
69 -0.990753 -0.00102448 0.135671 -1.24407 -0.000775676 0.999998 0.00188675 0.089082 -0.135672 0.00176407 -0.990752 0.168486 0 0 0 1
60 -0.534996 -0.00174216 0.844853 -1.38167 -0.000534929 0.999998 0.00172334 0.0114167 -0.844855 0.000470044 -0.534996 -0.893372 0 0 0 1
72 -0.999369 -0.000145263 0.0355293 -1.05459 -9.2281e-05 0.999999 0.00149286 0.0920417 -0.0355294 0.00148864 -0.999368 0.19649 0 0 0 1
68 -0.973691 -0.00173605 0.227867 -1.29567 -0.00131214 0.999997 0.00201182 0.0767523 -0.22787 0.00165989 -0.97369 0.0844545 0 0 0 1
75 -0.999205 -0.00105723 -0.039847 -0.928331 -0.00114088 0.999997 0.00207661 0.0881874 0.0398446 0.00212042 -0.999204 0.215463 0 0 0 1
70 -0.995165 -0.000358769 0.0982158 -1.16147 -0.000171029 0.999998 0.00191993 0.0930439 -0.0982163 0.00189385 -0.995163 0.170515 0 0 0 1
82 -0.994369 0.000371024 0.105974 -0.677897 0.000399941 1 0.000251623 0.0463973 -0.105974 0.00029259 -0.994369 -0.0470717 0 0 0 1
80 -0.997575 0.000133249 0.069607 -0.739995 0.000172248 1 0.000554269 0.0667525 -0.0696069 0.000564915 -0.997574 0.0144239 0 0 0 1
81 -0.996158 0.000546029 0.0875734 -0.699736 0.000522667 1 -0.000289702 0.0544799 -0.0875736 -0.000242817 -0.996158 -0.021637 0 0 0 1
77 -0.999907 -0.00156085 0.0135266 -0.914259 -0.00152494 0.999995 0.00266431 0.0870359 -0.0135307 0.00264344 -0.999905 0.152558 0 0 0 1
76 -0.999079 -0.00100201 -0.0428914 -0.925302 -0.00109576 0.999997 0.00216228 0.088385 0.0428892 0.00220729 -0.999077 0.216687 0 0 0 1
86 -0.985478 0.00247228 0.169784 -0.496942 0.00204173 0.999994 -0.00271044 -0.0248455 -0.16979 -0.00232442 -0.985478 -0.236131 0 0 0 1
78 -0.999512 -0.000412834 0.0312478 -0.8731 -0.000354663 0.999998 0.00186713 0.0853056 -0.0312485 0.00185514 -0.99951 0.114006 0 0 0 1
89 -0.976741 0.00172273 0.214414 -0.364168 0.00134392 0.999997 -0.00191247 -0.0124192 -0.214416 -0.00157983 -0.976741 -0.34527 0 0 0 1
87 -0.98359 0.00310951 0.18039 -0.450803 0.00255383 0.999991 -0.00331259 -0.025199 -0.180398 -0.00279754 -0.98359 -0.277968 0 0 0 1
91 -0.983026 0.000604098 0.183465 -0.312564 0.000559135 1 -0.000296806 0.00561355 -0.183465 -0.000189186 -0.983026 -0.371026 0 0 0 1
96 -0.951815 -0.00189047 -0.306666 -0.311101 -0.00153972 0.999998 -0.00138565 0.0430722 0.306668 -0.000846705 -0.951816 -0.394512 0 0 0 1
90 -0.974222 0.00207368 0.225581 -0.344509 0.00165769 0.999997 -0.00203351 -0.00880286 -0.225585 -0.00160714 -0.974222 -0.358872 0 0 0 1
85 -0.987281 0.00109367 0.158981 -0.549916 0.0010643 0.999999 -0.000269859 -0.0137977 -0.158981 -9.72229e-05 -0.987282 -0.182182 0 0 0 1
84 -0.989845 -0.00106701 0.142144 -0.577753 -0.00100452 0.999999 0.000511393 -0.00665977 -0.142145 0.000363414 -0.989846 -0.150066 0 0 0 1
88 -0.979065 0.00212244 0.203534 -0.409368 0.0015222 0.999994 -0.00310557 -0.022186 -0.20354 -0.00273074 -0.979063 -0.313611 0 0 0 1
83 -0.991422 0.000681067 0.130696 -0.630015 0.000707643 1 0.000156898 0.023021 -0.130696 0.000248038 -0.991422 -0.0952834 0 0 0 1
92 -0.996404 0.000157927 0.0847245 -0.320926 0.00010308 1 -0.000651729 0.0115623 -0.0847245 -0.000640652 -0.996404 -0.356049 0 0 0 1
94 -0.993502 -0.00118345 -0.113806 -0.303427 -0.00110947 0.999999 -0.00071339 0.0300872 0.113806 -0.000582492 -0.993503 -0.370505 0 0 0 1
93 -0.999898 0.000477643 -0.0142617 -0.308185 0.000505793 0.999998 -0.0019703 0.01943 0.0142607 -0.00197732 -0.999896 -0.362996 0 0 0 1
97 -0.916781 -0.00159209 -0.399386 -0.31621 -0.00124711 0.999999 -0.00112363 0.0511563 0.399387 -0.000532048 -0.916782 -0.428891 0 0 0 1
95 -0.977555 -0.00273336 -0.210663 -0.30805 -0.00250011 0.999996 -0.0013735 0.0364232 0.210666 -0.000815987 -0.977558 -0.375526 0 0 0 1
99 -0.847588 -0.00161439 -0.530652 -0.351678 -0.00101882 0.999998 -0.00141495 0.0577852 0.530653 -0.000658654 -0.847589 -0.453399 0 0 0 1
98 -0.895868 -0.000908729 -0.444319 -0.321071 -0.000534506 0.999999 -0.000967508 0.0550165 0.44432 -0.000629268 -0.895868 -0.451086 0 0 0 1
106 -0.658957 -0.00108708 -0.75218 -0.466853 -0.000594377 0.999999 -0.000924533 0.058381 0.75218 -0.00016215 -0.658958 -0.335851 0 0 0 1
108 -0.591946 -0.00122675 -0.805977 -0.496765 -0.000628839 0.999999 -0.00106022 0.060394 0.805978 -0.000120764 -0.591946 -0.32621 0 0 0 1
107 -0.63712 -0.000961191 -0.770764 -0.476843 -0.00126759 0.999999 -0.000199259 0.0604503 0.770764 0.000850063 -0.637121 -0.328823 0 0 0 1
110 -0.544814 -0.000993722 -0.838556 -0.52025 -4.62443e-05 0.999999 -0.00115499 0.0629908 0.838557 -0.000590478 -0.544814 -0.335783 0 0 0 1
118 -0.313488 -0.00177015 -0.949591 -0.68513 -0.0002195 0.999998 -0.00179165 0.0775969 0.949592 -0.000353226 -0.313488 -0.419607 0 0 0 1
111 -0.520595 -0.000701754 -0.853803 -0.533822 -0.000193787 1 -0.000703756 0.0655202 0.853804 -0.000200916 -0.520595 -0.345812 0 0 0 1
113 -0.471693 -0.00223837 -0.88176 -0.565553 -0.000847456 0.999997 -0.00208518 0.0689806 0.881763 -0.000236311 -0.471693 -0.374702 0 0 0 1
116 -0.367955 -0.00231038 -0.929841 -0.635813 -0.00113629 0.999997 -0.00203504 0.0749034 0.929843 0.000307761 -0.367957 -0.394393 0 0 0 1
112 -0.496737 -0.00176971 -0.867899 -0.548018 -0.00125903 0.999998 -0.00131847 0.0678707 0.8679 0.00043778 -0.496739 -0.358854 0 0 0 1
115 -0.420271 -0.00187047 -0.907397 -0.603221 -0.000893305 0.999998 -0.00164761 0.0730866 0.907398 0.000118138 -0.420272 -0.399151 0 0 0 1
109 -0.56857 -0.00123668 -0.822634 -0.507937 -0.000883975 0.999999 -0.000892347 0.0623546 0.822634 0.000219826 -0.568571 -0.329432 0 0 0 1
123 -0.296521 -0.00185507 -0.955025 -0.806168 0.000479036 0.999998 -0.00209116 0.0873676 0.955026 -0.00107756 -0.296519 -0.671895 0 0 0 1
119 -0.311116 -0.0013338 -0.950371 -0.714951 0.00032794 0.999999 -0.0015108 0.0807151 0.950372 -0.000781699 -0.311115 -0.488793 0 0 0 1
127 -0.28357 -0.00133114 -0.958951 -0.902453 0.00190887 0.999996 -0.00195259 0.0904344 0.95895 -0.00238421 -0.283566 -0.857147 0 0 0 1
124 -0.293434 -0.00187426 -0.955978 -0.825272 0.000611106 0.999997 -0.00214815 0.0883031 0.955979 -0.00121454 -0.293432 -0.708278 0 0 0 1
120 -0.307728 -0.00214222 -0.951472 -0.749861 -0.000147046 0.999998 -0.00220392 0.0836587 0.951474 -0.000538297 -0.307727 -0.56307 0 0 0 1
121 -0.304953 -0.00154652 -0.952366 -0.765268 0.000502005 0.999998 -0.00178461 0.0853289 0.952367 -0.00102232 -0.304952 -0.594328 0 0 0 1
117 -0.341109 -0.00204878 -0.940022 -0.659139 -0.00055114 0.999998 -0.00197951 0.0760399 0.940024 -0.000157144 -0.341109 -0.406814 0 0 0 1
125 -0.29017 -0.00164872 -0.956974 -0.848363 0.00151843 0.999996 -0.00218325 0.0880233 0.956974 -0.00208661 -0.290167 -0.752695 0 0 0 1
126 -0.287307 -0.00143445 -0.957837 -0.873004 0.00142719 0.999997 -0.00192568 0.0896384 0.957837 -0.00192028 -0.287304 -0.802564 0 0 0 1
122 -0.300668 -0.00205253 -0.953727 -0.78278 0.000255336 0.999997 -0.00223261 0.0857666 0.953729 -0.000914796 -0.300667 -0.625917 0 0 0 1
129 -0.273855 -0.00118386 -0.96177 -0.951086 0.00222919 0.999996 -0.00186566 0.0915018 0.961768 -0.00265489 -0.273851 -0.935913 0 0 0 1
131 -0.266473 -0.00189971 -0.96384 -1.00381 0.00226583 0.999994 -0.0025974 0.0923814 0.96384 -0.00287604 -0.266467 -1.02822 0 0 0 1
135 -0.265854 -0.00121369 -0.964013 -1.08714 0.0034243 0.999992 -0.00220334 0.09257 0.964007 -0.00388684 -0.265847 -1.20951 0 0 0 1
130 -0.27061 -0.00105155 -0.962689 -0.972809 0.00288882 0.999994 -0.00190435 0.0913213 0.962685 -0.00329637 -0.270605 -0.975528 0 0 0 1
132 -0.262961 -0.00211013 -0.964804 -1.04086 0.00228613 0.999993 -0.00281018 0.0928823 0.964804 -0.00294463 -0.262955 -1.09602 0 0 0 1
133 -0.259302 -0.00135176 -0.965795 -1.07086 0.00291173 0.999993 -0.00218138 0.0936094 0.965792 -0.00337777 -0.259297 -1.14748 0 0 0 1
136 -0.296943 -0.00116439 -0.954894 -1.06941 0.00356435 0.999991 -0.00232778 0.0927849 0.954889 -0.0040948 -0.296936 -1.29558 0 0 0 1
139 -0.38868 -0.00150514 -0.921372 -1.00145 0.00329294 0.99999 -0.00302269 0.0946735 0.921367 -0.00420889 -0.388671 -1.60283 0 0 0 1
143 -0.50575 -0.00139993 -0.862679 -0.815646 0.00331335 0.999988 -0.00356522 0.0948007 0.862674 -0.00466147 -0.505739 -1.9346 0 0 0 1
134 -0.253626 -0.00148953 -0.967301 -1.09281 0.00297093 0.999993 -0.00231885 0.0934992 0.967298 -0.0034619 -0.25362 -1.17349 0 0 0 1
150 -0.467496 -0.00268522 -0.883991 -0.973117 0.00243017 0.999988 -0.00432276 0.113773 0.883992 -0.00416912 -0.467483 -2.21031 0 0 0 1
149 -0.482754 -0.00230327 -0.875753 -0.925495 0.00309397 0.999986 -0.00433554 0.103674 0.875751 -0.00480256 -0.48274 -2.16036 0 0 0 1
141 -0.447827 -0.00159538 -0.894119 -0.921685 0.00308502 0.99999 -0.00332945 0.0960335 0.894115 -0.00424939 -0.447818 -1.78144 0 0 0 1
138 -0.35814 -0.00157502 -0.933667 -1.03219 0.00350647 0.999989 -0.00303193 0.0936168 0.933661 -0.00435973 -0.35813 -1.5046 0 0 0 1
137 -0.326983 -0.00108787 -0.94503 -1.05655 0.00389357 0.999989 -0.00249832 0.0927435 0.945022 -0.00449645 -0.326975 -1.40237 0 0 0 1
140 -0.417946 -0.00152481 -0.908471 -0.966124 0.00392155 0.999986 -0.00348253 0.0932943 0.908463 -0.00501812 -0.417934 -1.69495 0 0 0 1
142 -0.476559 -0.000951948 -0.879142 -0.873076 0.00393848 0.999987 -0.00321774 0.0944978 0.879134 -0.00499592 -0.476549 -1.8614 0 0 0 1
145 -0.52354 -0.00133236 -0.852 -0.782744 0.00346288 0.999987 -0.00369167 0.0901349 0.851994 -0.00488311 -0.523529 -2.02918 0 0 0 1
144 -0.533953 -0.00130869 -0.845513 -0.755048 0.00280788 0.999991 -0.00332101 0.0951723 0.845509 -0.00414737 -0.533945 -2.00269 0 0 0 1
146 -0.51304 -0.00136294 -0.858364 -0.811277 0.00376313 0.999986 -0.00383702 0.0874513 0.858356 -0.00519868 -0.513028 -2.0487 0 0 0 1
148 -0.492527 -0.00152184 -0.870296 -0.891216 0.00328329 0.999988 -0.00360674 0.0985421 0.870291 -0.00463384 -0.492516 -2.12784 0 0 0 1
154 -0.43737 -0.00499376 -0.899268 -1.06415 0.000437803 0.999983 -0.00576598 0.13338 0.899282 -0.00291557 -0.43736 -2.37333 0 0 0 1
155 -0.438911 -0.00437025 -0.89852 -1.06019 0.000563058 0.999987 -0.00513881 0.139421 0.89853 -0.0027614 -0.438903 -2.43824 0 0 0 1
147 -0.502811 -0.0014648 -0.864395 -0.855987 0.00343614 0.999987 -0.00369334 0.0930094 0.864389 -0.00482724 -0.5028 -2.10662 0 0 0 1
158 -0.449595 -0.00497091 -0.893219 -0.94095 -0.000426696 0.999986 -0.00535031 0.147853 0.893233 -0.00202434 -0.44959 -2.68225 0 0 0 1
164 -0.520369 -0.00473376 -0.853929 -0.380692 2.13797e-05 0.999985 -0.00555645 0.139668 0.853942 -0.00290966 -0.520361 -2.92581 0 0 0 1
165 -0.527671 -0.00428111 -0.849438 -0.313508 0.000629643 0.999985 -0.00543099 0.135613 0.849449 -0.00340062 -0.527661 -2.9441 0 0 0 1
159 -0.460585 -0.00446465 -0.887605 -0.866017 -0.000575825 0.999989 -0.00473114 0.150136 0.887616 -0.00166798 -0.460582 -2.72583 0 0 0 1
162 -0.501715 -0.00525867 -0.865017 -0.524505 -0.000629285 0.999983 -0.00571418 0.145445 0.865033 -0.00232254 -0.50171 -2.88279 0 0 0 1
161 -0.480149 -0.00497885 -0.877173 -0.657969 -7.0956e-05 0.999984 -0.00563709 0.145563 0.877187 -0.0026444 -0.480142 -2.83445 0 0 0 1
168 -0.656327 -0.0033453 -0.754469 0.267735 0.000862667 0.999986 -0.00518437 0.125937 0.754476 -0.0040535 -0.656315 -2.97021 0 0 0 1
157 -0.440905 -0.00614891 -0.897533 -1.02359 -0.000779024 0.999979 -0.00646807 0.145438 0.897554 -0.0021526 -0.4409 -2.62014 0 0 0 1
152 -0.436255 -0.00266058 -0.899819 -1.05528 0.00261477 0.999988 -0.00422446 0.118315 0.899819 -0.00419576 -0.436242 -2.217 0 0 0 1
156 -0.440048 -0.00539695 -0.897958 -1.05721 -0.000622438 0.999984 -0.00570512 0.146739 0.897974 -0.0019516 -0.440044 -2.54617 0 0 0 1
160 -0.472385 -0.00593899 -0.881372 -0.73385 -0.00169888 0.999982 -0.00582768 0.151704 0.881391 -0.00125556 -0.472386 -2.79894 0 0 0 1
166 -0.533163 -0.00372449 -0.846004 -0.250741 0.00106267 0.999987 -0.0050721 0.131952 0.846012 -0.00360328 -0.533152 -2.95859 0 0 0 1
174 -0.88431 -0.00168743 -0.466897 1.57589 0.000145866 0.999992 -0.00389037 0.0903188 0.4669 -0.0035084 -0.884303 -2.54475 0 0 0 1
172 -0.820931 -0.0027142 -0.571022 1.18114 -2.50701e-05 0.999989 -0.00471714 0.103989 0.571028 -0.00385813 -0.820921 -2.75917 0 0 0 1
173 -0.85441 -0.0023153 -0.519594 1.39731 0.000195967 0.999989 -0.00477818 0.0932471 0.519599 -0.00418435 -0.8544 -2.65089 0 0 0 1
177 -0.981854 -0.000405073 -0.189639 2.28249 0.00031786 0.999993 -0.00378172 0.0478075 0.189639 -0.00377337 -0.981847 -1.79689 0 0 0 1
169 -0.701377 -0.00326285 -0.712783 0.473667 0.000778835 0.999985 -0.00534392 0.123848 0.71279 -0.00430324 -0.701364 -2.9497 0 0 0 1
175 -0.924662 -0.00138557 -0.380788 1.81855 0.000261072 0.999991 -0.00427263 0.0863348 0.38079 -0.00405015 -0.924653 -2.37565 0 0 0 1
176 -0.958236 -0.000667316 -0.285977 2.08233 0.000480138 0.999992 -0.00394227 0.0703647 0.285977 -0.00391493 -0.958229 -2.11274 0 0 0 1
179 -0.999975 0.00164543 0.00688316 2.49145 0.00161736 0.99999 -0.00408151 0.00122963 -0.00688981 -0.00407027 -0.999968 -1.15445 0 0 0 1
198 -0.981966 0.000335244 0.189058 1.72545 0.000116558 0.999999 -0.00116783 0.177618 -0.189059 -0.00112473 -0.981965 -0.269612 0 0 0 1
185 -0.961232 0.000455083 0.275741 2.41699 -0.00026471 0.999997 -0.00257317 -0.0362566 -0.275741 -0.00254641 -0.961228 -0.268806 0 0 0 1
181 -0.984995 0.00162088 0.172572 2.52769 0.00109577 0.999994 -0.00313802 -0.023287 -0.172576 -0.00290184 -0.984992 -0.637336 0 0 0 1
178 -0.995843 0.000257454 -0.0910895 2.41548 0.000565869 0.999994 -0.00336004 0.0259939 0.0910881 -0.00339762 -0.995837 -1.4723 0 0 0 1
188 -0.947285 0.00277447 0.32038 2.32862 0.00222123 0.999995 -0.00209227 -0.0322137 -0.320385 -0.00127034 -0.947287 -0.0657931 0 0 0 1
183 -0.97295 8.90052e-05 0.231017 2.46251 -0.000808853 0.999992 -0.00379183 -0.0349163 -0.231016 -0.00387612 -0.972942 -0.425815 0 0 0 1
191 -0.928639 0.00189631 0.370979 2.23176 0.00195384 0.999998 -0.000220758 -0.00293461 -0.370979 0.000519828 -0.928641 0.109745 0 0 0 1
190 -0.932375 0.00173378 0.361489 2.25696 0.00191784 0.999998 0.000150385 -0.0104483 -0.361488 0.000833492 -0.932377 0.076839 0 0 0 1
182 -0.977094 0.00211602 0.212799 2.50189 0.00144222 0.999993 -0.00332155 -0.0335515 -0.212804 -0.00293857 -0.97709 -0.503439 0 0 0 1
200 -0.933791 0.000975695 0.357817 1.61028 0.000747667 0.999999 -0.000775621 0.18531 -0.357818 -0.00045674 -0.933791 -0.0570947 0 0 0 1
180 -0.994304 0.00183537 0.106564 2.52604 0.00149888 0.999994 -0.00323761 -0.0137883 -0.106569 -0.00305944 -0.994301 -0.841785 0 0 0 1
186 -0.955941 0.000737403 0.293559 2.38558 -7.96291e-05 0.999996 -0.00277123 -0.035551 -0.29356 -0.00267251 -0.955937 -0.190107 0 0 0 1
187 -0.952979 0.000433834 0.303035 2.36067 -9.81074e-05 0.999999 -0.00174015 -0.0318621 -0.303036 -0.00168806 -0.952978 -0.13884 0 0 0 1
184 -0.968411 3.58591e-05 0.249358 2.42397 -0.000729179 0.999995 -0.00297566 -0.0357699 -0.249357 -0.00306349 -0.968407 -0.346902 0 0 0 1
189 -0.938768 0.00240606 0.344543 2.30236 0.00221921 0.999997 -0.000936707 -0.0246878 -0.344544 -0.000114738 -0.93877 0.0116999 0 0 0 1
192 -0.936607 0.00189685 0.350377 2.18115 0.00144419 0.999998 -0.00155319 0.0153054 -0.350379 -0.000948721 -0.936608 0.0792481 0 0 0 1
194 -0.947926 0.00302306 0.318477 2.09382 0.00215873 0.999993 -0.00306684 0.0476512 -0.318484 -0.00221963 -0.947926 0.0305685 0 0 0 1
196 -0.961164 0.00227163 0.275969 1.95713 0.00164248 0.999995 -0.00251089 0.110285 -0.275973 -0.00196011 -0.961163 -0.046009 0 0 0 1
193 -0.940157 0.00128153 0.34074 2.15433 0.000533577 0.999997 -0.0022888 0.0270659 -0.340742 -0.00197002 -0.940155 0.0648794 0 0 0 1
209 -0.935402 -4.06129e-06 0.353585 0.927618 -0.000266247 1 -0.000692865 0.192596 -0.353585 -0.000742248 -0.935402 -0.150567 0 0 0 1
197 -0.972484 0.00169763 0.232962 1.82252 0.00123843 0.999997 -0.00211738 0.16266 -0.232965 -0.00177061 -0.972484 -0.162083 0 0 0 1
201 -0.90478 -1.00451e-06 0.42588 1.54676 -0.000438575 0.999999 -0.000929391 0.191261 -0.42588 -0.00102767 -0.904779 0.00693102 0 0 0 1
195 -0.954848 0.00196734 0.297087 2.0284 0.00112431 0.999995 -0.0030085 0.0777235 -0.297092 -0.00253864 -0.954846 -0.00532187 0 0 0 1
204 -0.815893 0.000553691 0.578203 1.25583 7.29864e-05 1 -0.000854617 0.193506 -0.578203 -0.000655075 -0.815893 0.154259 0 0 0 1
203 -0.831065 0.00117871 0.556174 1.36397 0.000680258 0.999999 -0.00110284 0.19507 -0.556175 -0.000538186 -0.831065 0.14548 0 0 0 1
199 -0.950249 -0.000482921 0.311489 1.64773 -0.000549298 1 -0.000125364 0.184755 -0.311489 -0.000290228 -0.95025 -0.10592 0 0 0 1
212 -0.986958 0.00124323 0.160972 0.757561 0.000941119 0.999998 -0.00195303 0.188989 -0.160974 -0.00177607 -0.986957 -0.291058 0 0 0 1
211 -0.980378 0.00061682 0.197124 0.788001 0.000459597 1 -0.000843334 0.190325 -0.197124 -0.000736189 -0.980378 -0.268132 0 0 0 1
206 -0.865416 0.000308907 0.501054 1.12457 -0.000492995 0.999999 -0.00146801 0.191277 -0.501054 -0.00151746 -0.865415 0.0075685 0 0 0 1
202 -0.870474 0.000799464 0.492213 1.46617 0.000267636 0.999999 -0.00115091 0.194559 -0.492214 -0.000870103 -0.870474 0.0704 0 0 0 1
208 -0.908765 -5.14659e-05 0.417307 1.00108 -0.000650206 0.999999 -0.00129262 0.192164 -0.417307 -0.00144602 -0.908765 -0.0925594 0 0 0 1
205 -0.841804 0.00148518 0.539781 1.19121 0.000931367 0.999999 -0.00129895 0.191306 -0.539782 -0.000590725 -0.841805 0.0744685 0 0 0 1
207 -0.88821 0.000106147 0.459437 1.05919 -0.00013768 1 -0.000497208 0.192299 -0.459437 -0.000504881 -0.88821 -0.0466206 0 0 0 1
213 -0.993844 0.00150336 0.110782 0.729263 0.0013175 0.999998 -0.00175085 0.189055 -0.110785 -0.00159411 -0.993843 -0.32355 0 0 0 1
214 -0.997301 0.00126251 0.0734056 0.70913 0.00111257 0.999997 -0.0020834 0.188807 -0.073408 -0.00199611 -0.9973 -0.346441 0 0 0 1
215 -0.999361 0.000499547 0.0357351 0.66788 0.000455019 0.999999 -0.00125417 0.190197 -0.0357357 -0.00123711 -0.999361 -0.359283 0 0 0 1
216 -0.999996 0.00160158 -0.00245079 0.61719 0.00160478 0.999998 -0.00130601 0.188714 0.00244869 -0.00130994 -0.999996 -0.365811 0 0 0 1
220 -0.990257 0.0022441 -0.139233 0.150119 0.00235346 0.999997 -0.000620819 0.131727 0.139231 -0.00094245 -0.99026 -0.183384 0 0 0 1
221 -0.984044 0.00172528 -0.177915 0.062191 0.00175439 0.999998 -6.30269e-06 0.0494858 0.177915 -0.000318335 -0.984046 -0.0823989 0 0 0 1
222 -0.988976 0.000848951 -0.148071 0.0367849 0.000772119 1 0.000576369 0.00273422 0.148071 0.000455687 -0.988977 -0.0448393 0 0 0 1
217 -0.999144 0.000842887 -0.0413637 0.562101 0.000900802 0.999999 -0.0013815 0.189354 0.0413625 -0.00141758 -0.999143 -0.367612 0 0 0 1
218 -0.997453 0.00215478 -0.0712955 0.436644 0.00227092 0.999996 -0.00154792 0.186398 0.0712919 -0.00170589 -0.997454 -0.331549 0 0 0 1
219 -0.994804 0.0015144 -0.1018 0.299297 0.0015259 0.999999 -3.50168e-05 0.177375 0.1018 -0.000190172 -0.994805 -0.290883 0 0 0 1
